UNITS UM,1000;
EDIT proj;
ADD P1 :W0.000000  0.000,-2482.605 11126.100,-2482.605 11126.100,2482.605 0.000,2482.605;
ADD P1 :W0.000000  11126.100,1589.345 11126.100,-2447.255 15991.140,-2447.255 15991.140,2447.255 13558.620,2447.255 13558.620,1589.345;
ADD P1 :W0.000000  11074.185,-2447.255 11074.185,-11163.505 16043.055,-11163.505 16043.055,-2447.255;
ADD P1 :W0.000000  15991.140,-1194.875 28966.040,-1194.875 28966.040,1194.875 15991.140,1194.875;
ADD P1 :W0.000000  28966.040,1364.925 28966.040,-1364.925 31695.410,-1364.925 31695.410,1272.840 30330.725,1272.840 30330.725,1364.925;
ADD P1 :W0.000000  28985.185,-1364.925 28985.185,-19462.725 31676.265,-19462.725 31676.265,-1364.925;
ADD P1 :W0.000000  31695.410,-1335.490 47995.410,-1335.490 47995.410,1335.490 31695.410,1335.490;
ADD P1 :W0.000000  47995.410,1585.255 47995.410,-1585.255 50340.500,-1585.255 50340.500,1257.275 49167.955,1257.275 49167.955,1585.255;
ADD P1 :W0.000000  48166.260,-1585.255 48166.260,-12072.755 50169.650,-12072.755 50169.650,-1585.255;
ADD P1 :W0.000000  -10000.000,-1657.790 0.000,-1657.790 0.000,1657.790 -10000.000,1657.790;
ADD P1 :W0.000000  -10000.000,-1657.790 -10000.000,1657.790 -15000.000,1000.000 -15000.000,-1000.000;
ADD P1 :W0.000000  77121.500,1657.790 67121.500,1657.790 67121.500,-1657.790 77121.500,-1657.790;
ADD P1 :W0.000000  77121.500,1657.790 77121.500,-1657.790 82121.500,-1000.000 82121.500,1000.000;
SAVE;
